image_width: 3840
image_height: 2160
camera_name: camera2
camera_matrix:
  rows: 3
  cols: 3
  data: [1581.981626, 0.000000, 1779.952639, 0.000000, 1610.089346, 1085.624179, 0.000000, 0.000000, 1.000000]
distortion_model: plumb_bob
distortion_coefficients:
  rows: 1
  cols: 5
  data: [-0.217102, 0.027234, -0.001765, 0.004408, 0.000000]
rectification_matrix:
  rows: 3
  cols: 3
  data: [1.000000, 0.000000, 0.000000, 0.000000, 1.000000, 0.000000, 0.000000, 0.000000, 1.000000]
projection_matrix:
  rows: 3
  cols: 4
  data: [1047.900024, 0.000000, 1963.841672, 0.000000, 0.000000, 1420.959351, 1080.399239, 0.000000, 0.000000, 0.000000, 1.000000, 0.000000]
