image_width: 3840
image_height: 2160
camera_name: camera4
camera_matrix:
  rows: 3
  cols: 3
  data: [1477.200101, 0.000000, 1896.590294, 0.000000, 1473.116943, 1106.344292, 0.000000, 0.000000, 1.000000]
distortion_model: plumb_bob
distortion_coefficients:
  rows: 1
  cols: 5
  data: [-0.257553, 0.042308, -0.002445, -0.003438, 0.000000]
rectification_matrix:
  rows: 3
  cols: 3
  data: [1.000000, 0.000000, 0.000000, 0.000000, 1.000000, 0.000000, 0.000000, 0.000000, 1.000000]
projection_matrix:
  rows: 3
  cols: 4
  data: [1021.951599, 0.000000, 1898.981156, 0.000000, 0.000000, 1211.024536, 1107.567545, 0.000000, 0.000000, 0.000000, 1.000000, 0.000000]
