image_width: 3840
image_height: 2160
camera_name: camera3
camera_matrix:
  rows: 3
  cols: 3
  data: [1585.049282, 0.000000, 1866.151632, 0.000000, 1553.840211, 1301.494500, 0.000000, 0.000000, 1.000000]
distortion_model: plumb_bob
distortion_coefficients:
  rows: 1
  cols: 5
  data: [-0.236873, 0.034088, -0.010398, 0.001268, 0.000000]
rectification_matrix:
  rows: 3
  cols: 3
  data: [1.000000, 0.000000, 0.000000, 0.000000, 1.000000, 0.000000, 0.000000, 0.000000, 1.000000]
projection_matrix:
  rows: 3
  cols: 4
  data: [1098.146606, 0.000000, 1936.303986, 0.000000, 0.000000, 1321.041260, 1343.760798, 0.000000, 0.000000, 0.000000, 1.000000, 0.000000]
