image_width: 3840
image_height: 2160
camera_name: camera1
camera_matrix:
  rows: 3
  cols: 3
  data: [1524.000624, 0.000000, 2019.160265, 0.000000, 1541.174319, 1050.561999, 0.000000, 0.000000, 1.000000]
distortion_model: plumb_bob
distortion_coefficients:
  rows: 1
  cols: 5
  data: [-0.252106, 0.039807, -0.001518, -0.003580, 0.000000]
rectification_matrix:
  rows: 3
  cols: 3
  data: [1.000000, 0.000000, 0.000000, 0.000000, 1.000000, 0.000000, 0.000000, 0.000000, 1.000000]
projection_matrix:
  rows: 3
  cols: 4
  data: [1052.869751, 0.000000, 2020.321781, 0.000000, 0.000000, 1299.744507, 1029.310489, 0.000000, 0.000000, 0.000000, 1.000000, 0.000000]
